1.95904
1.56812
5.48784
5.17393
4.92634
4.34485
4.81616
4.88315
2.80927
1.10171
2.10295
2.4855
7.95908
6.07334
8.70006
5.76226
7.76054
5.05984
5.7504
3.35077
7.95143
5.64509
4.98064
4.95381
8.30246
6.73575
4.23967
1.11504
8.85476
5.24236
2.00931
1.54189
8.27643
7.16742
3.20453
0.468906
7.3748
4.98128
6.41241
6.03522
3.23487
3.2418
3.76206
4.39446
4.92676
5.00487
4.86032
8.18533
4.72054
2.27013
3.89362
4.74408
8.62383
5.64232
4.74712
5.60876
3.69197
1.59961
5.83593
9.32243
5.06992
5.37311
1.3274
1.37938
5.47695
3.59342
5.49897
6.75854
4.96063
8.42861
5.79955
7.72959
3.76706
2.9273
3.81413
4.07536
1.6634
1.44526
2.84118
3.2587
5.99765
7.46404
4.98019
5.46847
7.99885
5.11555
5.2317
8.09929
1.97542
1.3428
4.24567
6.87314
5.81799
1.80696
4.36277
7.00378
4.69935
1.5437
5.61067
6.65038
3.60355
3.70437
3.60073
4.14086
5.12522
2.36634
5.13689
1.10578
4.17887
0.963387
3.95417
3.45656
5.02691
2.34597
2.08553
1.12826
6.44202
8.35298
7.54561
6.07343
6.03029
6.89455
4.51704
0.72038
6.04716
5.74891
5.81139
8.79877
3.93811
3.24625
3.32828
2.48294
5.14317
1.32976
2.38877
2.14936
4.7861
6.63174
1.26642
1.52418
8.34512
6.501
3.74688
0.497739
4.97643
1.17143
8.16311
4.99618
7.70667
5.18673
6.36703
8.60568
4.77094
8.04984
3.20485
3.58166
6.13946
8.88872
3.61094
2.6862
3.76129
2.48759
5.61296
9.46325
6.50166
8.01382
2.83377
2.32006
1.33876
1.93411
5.38528
9.21782
2.64485
2.06146
6.07571
8.46332
6.67798
8.12798
5.53049
8.58238
4.75592
2.70307
4.38285
7.1842
4.28443
3.65559
2.65755
1.58541
4.92259
5.08093
3.99667
2.87462
4.59446
3.68528
4.62432
4.39233
7.87155
5.49723
8.0143
4.93466
