individual, parent1, parent2, x, y, age
32542.0,31586.0,31586.0,0.644586,0.983806,103.0
33494.0,32937.0,32937.0,0.324339,0.224945,95.0
34086.0,32974.0,32974.0,0.394953,0.103957,90.0
34808.0,34119.0,34119.0,0.118549,0.207732,84.0
35282.0,34349.0,34349.0,0.702983,0.374896,80.0
35663.0,35494.0,35494.0,0.978812,0.27346,77.0
36036.0,33433.0,33433.0,0.705583,0.0813593,73.0
36062.0,34796.0,34796.0,0.0428805,0.850147,73.0
36246.0,33215.0,33215.0,0.884611,0.0240348,71.0
36384.0,35059.0,35059.0,0.573135,0.625017,70.0
36395.0,35304.0,35304.0,0.537666,0.0047029,70.0
36474.0,34787.0,34787.0,0.361412,0.267385,69.0
36494.0,35402.0,35402.0,0.460154,0.400559,69.0
36681.0,34003.0,34003.0,0.659272,0.555942,67.0
36728.0,35733.0,35733.0,0.000313328,0.128585,67.0
37138.0,34950.0,34950.0,0.844035,0.199358,63.0
37283.0,35955.0,35955.0,0.553339,0.776436,62.0
37285.0,36031.0,36031.0,0.537848,0.746084,62.0
37378.0,35186.0,35186.0,0.796926,0.485552,61.0
37417.0,36756.0,36756.0,0.616713,0.969772,61.0
37461.0,33678.0,33678.0,0.437782,0.542989,60.0
37592.0,35064.0,35064.0,0.0461414,0.490809,59.0
37761.0,36892.0,36892.0,0.706909,0.215309,58.0
37922.0,33666.0,33666.0,0.363352,0.407527,56.0
37929.0,34576.0,34576.0,0.101662,0.706833,56.0
38123.0,37877.0,37877.0,0.459265,0.324029,55.0
38174.0,36812.0,36812.0,0.871326,0.0342721,54.0
38618.0,35432.0,35432.0,0.200076,0.347285,50.0
38687.0,38173.0,38173.0,0.250827,0.706411,50.0
38762.0,37413.0,37413.0,0.666887,0.543749,49.0
39034.0,38541.0,38541.0,0.293847,0.0240773,47.0
39072.0,32202.0,32202.0,0.555852,0.477421,46.0
39122.0,38026.0,38026.0,0.695691,0.398563,46.0
39165.0,38832.0,38832.0,0.262196,0.0272616,46.0
39241.0,38247.0,38247.0,0.607865,0.162929,45.0
39273.0,38851.0,38851.0,0.246559,0.0462849,45.0
39319.0,37187.0,37187.0,0.57188,0.137059,44.0
39500.0,39083.0,39083.0,0.25997,0.805493,43.0
39536.0,35191.0,35191.0,0.864994,0.022854,42.0
39580.0,38445.0,38445.0,0.16213,0.312307,42.0
39582.0,38477.0,38477.0,0.0370232,0.855984,42.0
39595.0,38879.0,38879.0,0.997975,0.98342,42.0
39631.0,34629.0,34629.0,0.822928,0.35612,41.0
39636.0,36207.0,36207.0,0.270652,0.799758,41.0
39645.0,37017.0,37017.0,0.998354,0.984699,41.0
39653.0,37402.0,37402.0,0.875348,0.163855,41.0
39716.0,39470.0,39470.0,0.747701,0.0999162,41.0
39728.0,33610.0,33610.0,0.279298,0.544457,40.0
39731.0,34731.0,34731.0,0.505646,0.00499326,40.0
39734.0,35432.0,35432.0,0.220048,0.323567,40.0
39738.0,35726.0,35726.0,0.754469,0.700689,40.0
39767.0,38250.0,38250.0,0.667958,0.723062,40.0
39768.0,38250.0,38250.0,0.675435,0.687661,40.0
39837.0,39675.0,39675.0,0.253448,0.331446,40.0
39841.0,39710.0,39710.0,0.657306,0.398264,40.0
39845.0,32034.0,32034.0,0.0638566,0.520305,39.0
39846.0,32140.0,32140.0,0.785725,0.664077,39.0
39855.0,35271.0,35271.0,0.275891,0.670111,39.0
39858.0,36328.0,36328.0,0.246223,0.154641,39.0
39885.0,38407.0,38407.0,0.0233037,0.530941,39.0
39890.0,38477.0,38477.0,0.00810119,0.812855,39.0
39940.0,39657.0,39657.0,0.442437,0.495757,39.0
39988.0,37468.0,37468.0,0.244547,0.700294,38.0
40012.0,38752.0,38752.0,0.230777,0.463366,38.0
40014.0,38817.0,38817.0,0.150114,0.0508972,38.0
40064.0,39875.0,39875.0,0.601634,0.447337,38.0
40097.0,37720.0,37720.0,0.88695,0.208452,37.0
40112.0,38539.0,38539.0,0.65952,0.438722,37.0
40122.0,38848.0,38848.0,0.0271083,0.49863,37.0
40174.0,39845.0,39845.0,0.00809539,0.550678,37.0
40177.0,39888.0,39888.0,0.990553,0.636162,37.0
40180.0,39921.0,39921.0,0.0330814,0.972315,37.0
40220.0,38454.0,38454.0,0.769309,0.101059,36.0
40225.0,38788.0,38788.0,0.773575,0.817187,36.0
40229.0,38903.0,38903.0,0.887215,0.933973,36.0
40239.0,39152.0,39152.0,0.150601,0.100564,36.0
40251.0,39576.0,39576.0,0.9787,0.648713,36.0
40266.0,39889.0,39889.0,0.858005,0.94503,36.0
40275.0,40028.0,40028.0,0.455274,0.93177,36.0
40285.0,40181.0,40181.0,0.114057,0.668413,36.0
40302.0,37518.0,37518.0,0.892605,0.824673,35.0
40328.0,39196.0,39196.0,0.706553,0.898644,35.0
40345.0,39555.0,39555.0,0.824279,0.521357,35.0
40372.0,40210.0,40210.0,0.251262,0.185682,35.0
40375.0,40239.0,40239.0,0.133346,0.124846,35.0
40395.0,37908.0,37908.0,0.722254,0.143054,34.0
40400.0,38331.0,38331.0,0.705434,0.392283,34.0
40480.0,36113.0,36113.0,0.778864,0.973382,33.0
40513.0,38984.0,38984.0,0.305998,0.128525,33.0
40521.0,39315.0,39315.0,0.369152,0.401486,33.0
40522.0,39349.0,39349.0,0.464846,0.233172,33.0
40523.0,39385.0,39385.0,0.000894011,0.0566051,33.0
40534.0,39668.0,39668.0,0.985261,0.408702,33.0
40545.0,39950.0,39950.0,0.952378,0.276516,33.0
40549.0,39988.0,39988.0,0.259539,0.683054,33.0
40584.0,34765.0,34765.0,0.202531,0.329336,32.0
40592.0,36705.0,36705.0,0.834778,0.465637,32.0
40628.0,39303.0,39303.0,0.453012,0.505231,32.0
40642.0,39716.0,39716.0,0.753283,0.112282,32.0
40661.0,40194.0,40194.0,0.388171,0.632734,32.0
40686.0,40529.0,40529.0,0.886782,0.0326855,32.0
40691.0,30443.0,30443.0,0.814602,0.77218,31.0
40700.0,36791.0,36791.0,0.632837,0.968976,31.0
40710.0,38312.0,38312.0,0.986442,0.127204,31.0
40712.0,38614.0,38614.0,0.0734754,0.424639,31.0
40716.0,38716.0,38716.0,0.0990953,0.701599,31.0
40722.0,38880.0,38880.0,0.207739,0.316513,31.0
40727.0,39203.0,39203.0,0.460451,0.0962082,31.0
40739.0,39662.0,39662.0,0.660852,0.82011,31.0
40762.0,40086.0,40086.0,0.124576,0.403399,31.0
40763.0,40092.0,40092.0,0.567122,0.627389,31.0
40783.0,40424.0,40424.0,0.594454,0.135036,31.0
40798.0,40630.0,40630.0,0.468598,0.20076,31.0
40810.0,34828.0,34828.0,0.0971875,0.178892,30.0
40812.0,35271.0,35271.0,0.283855,0.659977,30.0
40820.0,37722.0,37722.0,0.319901,0.403562,30.0
40835.0,39221.0,39221.0,0.91933,0.430774,30.0
40854.0,39869.0,39869.0,0.22509,0.398528,30.0
40864.0,40055.0,40055.0,0.356499,0.366219,30.0
40870.0,40168.0,40168.0,0.402874,0.940997,30.0
40887.0,40514.0,40514.0,0.0930051,0.250292,30.0
40898.0,40675.0,40675.0,0.988433,0.999657,30.0
40909.0,40768.0,40768.0,0.259611,0.674617,30.0
40962.0,39680.0,39680.0,0.337164,0.870774,29.0
40971.0,40096.0,40096.0,0.802324,0.465158,29.0
40980.0,40306.0,40306.0,0.464981,0.49445,29.0
40981.0,40321.0,40321.0,0.950078,0.595672,29.0
41034.0,40873.0,40873.0,0.912142,0.88428,29.0
41039.0,40910.0,40910.0,0.352798,0.377595,29.0
41051.0,37768.0,37768.0,0.532578,0.65501,28.0
41071.0,39487.0,39487.0,0.787056,0.669132,28.0
41073.0,39645.0,39645.0,0.950008,0.00847289,28.0
41079.0,39871.0,39871.0,0.815319,0.79465,28.0
41116.0,40722.0,40722.0,0.207603,0.322675,28.0
41119.0,40747.0,40747.0,0.771982,0.933639,28.0
41146.0,36917.0,36917.0,0.746774,0.562875,27.0
41150.0,37269.0,37269.0,0.278876,0.0437945,27.0
41157.0,38409.0,38409.0,0.247689,0.699434,27.0
41168.0,39488.0,39488.0,0.539824,0.684012,27.0
41173.0,39660.0,39660.0,0.0891562,0.212738,27.0
41176.0,39762.0,39762.0,0.749237,0.938512,27.0
41179.0,39884.0,39884.0,0.607557,0.337426,27.0
41181.0,39932.0,39932.0,0.646603,0.999779,27.0
41196.0,40219.0,40219.0,0.00902495,0.62763,27.0
41218.0,40825.0,40825.0,0.00946003,0.949649,27.0
41239.0,41055.0,41055.0,0.190314,0.808582,27.0
41246.0,34727.0,34727.0,0.514256,0.626384,26.0
41261.0,37609.0,37609.0,0.559693,0.591197,26.0
41289.0,39711.0,39711.0,0.29562,0.907989,26.0
41294.0,39821.0,39821.0,0.419258,0.803467,26.0
41317.0,40375.0,40375.0,0.157468,0.118548,26.0
41327.0,40653.0,40653.0,0.430727,0.541609,26.0
41329.0,40693.0,40693.0,0.525226,0.0632281,26.0
41336.0,40797.0,40797.0,0.407334,0.150205,26.0
41366.0,35306.0,35306.0,0.101802,0.216427,25.0
41367.0,35623.0,35623.0,0.242459,0.845898,25.0
41377.0,37909.0,37909.0,0.484359,0.357374,25.0
41386.0,38577.0,38577.0,0.685581,0.533587,25.0
41402.0,39165.0,39165.0,0.257144,0.967588,25.0
41406.0,39246.0,39246.0,0.600536,0.088181,25.0
41408.0,39476.0,39476.0,0.114135,0.0395353,25.0
41418.0,39791.0,39791.0,0.200017,0.46181,25.0
41419.0,39824.0,39824.0,0.0343152,0.981422,25.0
41422.0,39884.0,39884.0,0.601384,0.313311,25.0
41438.0,40422.0,40422.0,0.285951,0.509771,25.0
41443.0,40507.0,40507.0,0.656399,0.846566,25.0
41444.0,40519.0,40519.0,0.337895,0.998423,25.0
41447.0,40653.0,40653.0,0.430871,0.535918,25.0
41481.0,41204.0,41204.0,0.742919,0.334654,25.0
41488.0,41312.0,41312.0,0.0713939,0.785329,25.0
41504.0,38522.0,38522.0,0.502246,0.364614,24.0
41507.0,38795.0,38795.0,0.6225,0.817029,24.0
41515.0,39376.0,39376.0,0.33683,0.256972,24.0
41541.0,40225.0,40225.0,0.798898,0.800081,24.0
41542.0,40310.0,40310.0,0.610542,0.761198,24.0
41552.0,40424.0,40424.0,0.56197,0.141147,24.0
41566.0,40844.0,40844.0,0.318217,0.358472,24.0
41579.0,41048.0,41048.0,0.366606,0.289447,24.0
41583.0,41077.0,41077.0,0.556577,0.892645,24.0
41589.0,41232.0,41232.0,0.0105071,0.823266,24.0
41611.0,30361.0,30361.0,0.620471,0.310505,23.0
41617.0,37534.0,37534.0,0.785323,0.826561,23.0
41621.0,38317.0,38317.0,0.855934,0.145437,23.0
41625.0,38887.0,38887.0,0.878166,0.0819665,23.0
41629.0,39046.0,39046.0,0.194894,0.850562,23.0
41630.0,39122.0,39122.0,0.712178,0.379312,23.0
41633.0,39183.0,39183.0,0.168345,0.90559,23.0
41639.0,39488.0,39488.0,0.580046,0.741537,23.0
41646.0,39762.0,39762.0,0.78755,0.909114,23.0
41649.0,39858.0,39858.0,0.285559,0.17049,23.0
41653.0,39932.0,39932.0,0.608815,0.931596,23.0
41659.0,40139.0,40139.0,0.0508505,0.97576,23.0
41663.0,40325.0,40325.0,0.820035,0.488737,23.0
41672.0,40624.0,40624.0,0.385311,0.608065,23.0
41675.0,40707.0,40707.0,0.731738,0.272671,23.0
41695.0,41054.0,41054.0,0.346867,0.259368,23.0
41696.0,41128.0,41128.0,0.33173,0.757357,23.0
41703.0,41250.0,41250.0,0.288133,0.969089,23.0
41719.0,41432.0,41432.0,0.817157,0.619384,23.0
41735.0,41592.0,41592.0,0.848393,0.317815,23.0
41743.0,35726.0,35726.0,0.791991,0.631899,22.0
41748.0,38050.0,38050.0,0.944108,0.620802,22.0
41757.0,38870.0,38870.0,0.16111,0.935072,22.0
41785.0,40054.0,40054.0,0.874408,0.733902,22.0
41792.0,40366.0,40366.0,0.42162,0.975429,22.0
41800.0,40526.0,40526.0,0.105446,0.0852337,22.0
41805.0,40739.0,40739.0,0.680718,0.834997,22.0
41818.0,41131.0,41131.0,0.687603,0.52721,22.0
41820.0,41150.0,41150.0,0.298684,0.019701,22.0
41822.0,41155.0,41155.0,0.174747,0.594606,22.0
41824.0,41173.0,41173.0,0.137965,0.180603,22.0
41825.0,41181.0,41181.0,0.645011,0.0220443,22.0
41826.0,41196.0,41196.0,0.915116,0.723338,22.0
41828.0,41225.0,41225.0,0.992313,0.153923,22.0
41839.0,41382.0,41382.0,0.744826,0.798157,22.0
41844.0,41404.0,41404.0,0.378725,0.636963,22.0
41851.0,41485.0,41485.0,0.556057,0.919017,22.0
41853.0,41493.0,41493.0,0.830915,0.653427,22.0
41858.0,41551.0,41551.0,0.916663,0.562798,22.0
41868.0,41727.0,41727.0,0.0387637,0.81053,22.0
41879.0,38197.0,38197.0,0.909119,0.424077,21.0
41882.0,38656.0,38656.0,0.590792,0.475921,21.0
41886.0,39595.0,39595.0,0.993567,0.0225118,21.0
41889.0,39656.0,39656.0,0.806885,0.358913,21.0
41891.0,39738.0,39738.0,0.822897,0.652966,21.0
41901.0,40174.0,40174.0,0.0350957,0.521285,21.0
41914.0,40739.0,40739.0,0.652773,0.819005,21.0
41917.0,40763.0,40763.0,0.587695,0.641721,21.0
41918.0,40777.0,40777.0,0.450079,0.478626,21.0
41940.0,41176.0,41176.0,0.751303,0.94296,21.0
41953.0,41384.0,41384.0,0.251809,0.00403085,21.0
41982.0,41770.0,41770.0,0.910995,0.564382,21.0
41991.0,35271.0,35271.0,0.265614,0.682114,20.0
42006.0,38762.0,38762.0,0.671189,0.54539,20.0
42009.0,38836.0,38836.0,0.983534,0.260419,20.0
42026.0,40286.0,40286.0,0.876894,0.0607402,20.0
42027.0,40288.0,40288.0,0.396767,0.0988464,20.0
42029.0,40310.0,40310.0,0.549038,0.751065,20.0
42031.0,40360.0,40360.0,0.57108,0.64343,20.0
42037.0,40534.0,40534.0,0.972043,0.43295,20.0
42047.0,40844.0,40844.0,0.362028,0.393678,20.0
42050.0,40903.0,40903.0,0.41543,0.648804,20.0
42075.0,41438.0,41438.0,0.314503,0.528901,20.0
42079.0,41508.0,41508.0,0.653649,0.42892,20.0
42091.0,41649.0,41649.0,0.236607,0.182485,20.0
42096.0,41662.0,41662.0,0.102629,0.045898,20.0
42097.0,41671.0,41671.0,0.456573,0.819032,20.0
42109.0,41822.0,41822.0,0.146679,0.60889,20.0
42124.0,41979.0,41979.0,0.331439,0.280556,20.0
42131.0,37922.0,37922.0,0.342235,0.414818,19.0
42138.0,39311.0,39311.0,0.333538,0.554745,19.0
42141.0,39587.0,39587.0,0.0124891,0.125701,19.0
42143.0,39731.0,39731.0,0.537041,0.0218848,19.0
42147.0,39946.0,39946.0,0.321658,0.83573,19.0
42163.0,40540.0,40540.0,0.295099,0.844102,19.0
42166.0,40621.0,40621.0,0.130319,0.950143,19.0
42170.0,41030.0,41030.0,0.431832,0.820084,19.0
42181.0,41326.0,41326.0,0.388817,0.638427,19.0
42182.0,41385.0,41385.0,0.112396,0.365483,19.0
42189.0,41488.0,41488.0,0.0334798,0.789875,19.0
42194.0,41524.0,41524.0,0.605159,0.338765,19.0
42201.0,41653.0,41653.0,0.625597,0.961621,19.0
42204.0,41697.0,41697.0,0.339534,0.758978,19.0
42205.0,41734.0,41734.0,0.196979,0.348282,19.0
42210.0,41821.0,41821.0,0.0700383,0.799181,19.0
42218.0,41904.0,41904.0,0.460396,0.920789,19.0
42226.0,41963.0,41963.0,0.911152,0.882531,19.0
42229.0,41979.0,41979.0,0.366661,0.258474,19.0
42243.0,36494.0,36494.0,0.463523,0.363609,18.0
42245.0,36708.0,36708.0,0.988141,0.64292,18.0
42252.0,38552.0,38552.0,0.578174,0.151367,18.0
42257.0,39046.0,39046.0,0.0834156,0.925071,18.0
42260.0,39500.0,39500.0,0.172779,0.804535,18.0
42261.0,39619.0,39619.0,0.740383,0.919197,18.0
42267.0,40073.0,40073.0,0.53173,0.564934,18.0
42269.0,40174.0,40174.0,0.0108356,0.54231,18.0
42277.0,40507.0,40507.0,0.668133,0.864405,18.0
42278.0,40536.0,40536.0,0.31561,0.565241,18.0
42302.0,41261.0,41261.0,0.49696,0.589567,18.0
42324.0,41704.0,41704.0,0.932985,0.465712,18.0
42335.0,41862.0,41862.0,0.0539184,0.347589,18.0
42337.0,41901.0,41901.0,0.0748696,0.497024,18.0
42338.0,41901.0,41901.0,0.0668395,0.517892,18.0
42348.0,42041.0,42041.0,0.4326,0.724029,18.0
42358.0,42159.0,42159.0,0.270448,0.0216435,18.0
42364.0,42218.0,42218.0,0.429712,0.0132282,18.0
42369.0,36115.0,36115.0,0.217417,0.793481,17.0
42379.0,39160.0,39160.0,0.366669,0.104552,17.0
42393.0,40491.0,40491.0,0.794585,0.652661,17.0
42394.0,40549.0,40549.0,0.285258,0.639822,17.0
42399.0,40678.0,40678.0,0.331862,0.841557,17.0
42405.0,41085.0,41085.0,0.102481,0.390725,17.0
42410.0,41386.0,41386.0,0.703622,0.54604,17.0
42411.0,41391.0,41391.0,0.0506128,0.485829,17.0
42412.0,41391.0,41391.0,0.0367735,0.524963,17.0
42414.0,41465.0,41465.0,0.599844,0.180424,17.0
42419.0,41514.0,41514.0,0.4106,0.0838053,17.0
42431.0,41825.0,41825.0,0.650795,0.999947,17.0
42439.0,41946.0,41946.0,0.0796627,0.213502,17.0
42449.0,42060.0,42060.0,0.92445,0.781453,17.0
42455.0,42148.0,42148.0,0.189822,0.448922,17.0
42456.0,42157.0,42157.0,0.613701,0.324687,17.0
42458.0,42226.0,42226.0,0.911877,0.87723,17.0
42459.0,42229.0,42229.0,0.359215,0.251575,17.0
42466.0,42333.0,42333.0,0.762102,0.225675,17.0
42468.0,42351.0,42351.0,0.923281,0.738775,17.0
42471.0,36699.0,36699.0,0.850173,0.205487,16.0
42472.0,37510.0,37510.0,0.429837,0.106618,16.0
42474.0,38050.0,38050.0,0.870661,0.563193,16.0
42478.0,39040.0,39040.0,0.668807,0.698181,16.0
42480.0,39093.0,39093.0,0.811488,0.437504,16.0
42481.0,39305.0,39305.0,0.503706,0.22675,16.0
42484.0,39631.0,39631.0,0.854425,0.331365,16.0
42491.0,40213.0,40213.0,0.346381,0.415396,16.0
42492.0,40432.0,40432.0,0.319664,0.393931,16.0
42496.0,40628.0,40628.0,0.446671,0.548232,16.0
42502.0,40798.0,40798.0,0.480714,0.205089,16.0
42513.0,41256.0,41256.0,0.486619,0.343335,16.0
42519.0,41327.0,41327.0,0.466687,0.541882,16.0
42520.0,41339.0,41339.0,0.778296,0.956723,16.0
42524.0,41422.0,41422.0,0.601908,0.354868,16.0
42529.0,41541.0,41541.0,0.78314,0.8119,16.0
42534.0,41649.0,41649.0,0.256735,0.108424,16.0
42536.0,41709.0,41709.0,0.697073,0.505093,16.0
42540.0,41787.0,41787.0,0.198567,0.446373,16.0
42541.0,41808.0,41808.0,0.387443,0.140357,16.0
42544.0,41888.0,41888.0,0.839468,0.339104,16.0
42545.0,41907.0,41907.0,0.615889,0.308444,16.0
42549.0,42010.0,42010.0,0.94092,0.283069,16.0
42555.0,42090.0,42090.0,0.18726,0.937163,16.0
42556.0,42091.0,42091.0,0.232118,0.171413,16.0
42558.0,42144.0,42144.0,0.512539,0.0213985,16.0
42559.0,42144.0,42144.0,0.449431,0.91414,16.0
42573.0,42296.0,42296.0,0.84962,0.348184,16.0
42584.0,36474.0,36474.0,0.420717,0.32376,15.0
42587.0,36971.0,36971.0,0.455782,0.485195,15.0
42589.0,38577.0,38577.0,0.688342,0.538728,15.0
42592.0,39424.0,39424.0,0.0966508,0.386003,15.0
42599.0,40180.0,40180.0,0.957939,0.988942,15.0
42602.0,40243.0,40243.0,0.425969,0.101608,15.0
42610.0,40763.0,40763.0,0.536115,0.604126,15.0
42620.0,41217.0,41217.0,0.96843,0.678818,15.0
42621.0,41221.0,41221.0,0.146103,0.663577,15.0
42622.0,41270.0,41270.0,0.668252,0.727044,15.0
42632.0,41510.0,41510.0,0.637262,0.304908,15.0
42633.0,41510.0,41510.0,0.586084,0.296538,15.0
42636.0,41624.0,41624.0,0.205594,0.43361,15.0
42648.0,41829.0,41829.0,0.70009,0.247473,15.0
42650.0,41949.0,41949.0,0.373295,0.386442,15.0
42652.0,41951.0,41951.0,0.819472,0.314226,15.0
42654.0,41980.0,41980.0,0.555174,0.0843514,15.0
42666.0,42170.0,42170.0,0.438672,0.795386,15.0
42670.0,42255.0,42255.0,0.415165,0.0754703,15.0
42671.0,42262.0,42262.0,0.525911,0.00425268,15.0
42676.0,42363.0,42363.0,0.666295,0.747541,15.0
42677.0,42370.0,42370.0,0.565223,0.666644,15.0
42678.0,42373.0,42373.0,0.568903,0.747644,15.0
42681.0,42382.0,42382.0,0.127726,0.919019,15.0
42694.0,42522.0,42522.0,0.162739,0.0916568,15.0
42697.0,42540.0,42540.0,0.131352,0.467217,15.0
42698.0,42547.0,42547.0,0.249797,0.675502,15.0
42700.0,42575.0,42575.0,0.0917109,0.372901,15.0
42703.0,35663.0,35663.0,0.954298,0.291394,14.0
42704.0,36036.0,36036.0,0.714639,0.114744,14.0
42710.0,38887.0,38887.0,0.852727,0.0637742,14.0
42712.0,39093.0,39093.0,0.806472,0.504872,14.0
42713.0,39202.0,39202.0,0.425694,0.73674,14.0
42715.0,39774.0,39774.0,0.0281219,0.113935,14.0
42718.0,40229.0,40229.0,0.869313,0.903382,14.0
42719.0,40395.0,40395.0,0.731517,0.133902,14.0
42722.0,40480.0,40480.0,0.770804,0.94911,14.0
42727.0,40763.0,40763.0,0.527461,0.611364,14.0
42728.0,40777.0,40777.0,0.436262,0.471672,14.0
42732.0,40835.0,40835.0,0.931833,0.422121,14.0
42741.0,41131.0,41131.0,0.680159,0.536442,14.0
42749.0,41289.0,41289.0,0.334307,0.897908,14.0
42750.0,41302.0,41302.0,0.917672,0.719359,14.0
42754.0,41451.0,41451.0,0.400864,0.649766,14.0
42755.0,41516.0,41516.0,0.15492,0.618979,14.0
42760.0,41653.0,41653.0,0.640848,0.975748,14.0
42771.0,41963.0,41963.0,0.869689,0.920989,14.0
42775.0,42151.0,42151.0,0.69719,0.566585,14.0
42781.0,42270.0,42270.0,0.424045,0.962228,14.0
42789.0,42380.0,42380.0,0.776306,0.784724,14.0
42792.0,42452.0,42452.0,0.534785,0.476083,14.0
42797.0,42528.0,42528.0,0.977225,0.235734,14.0
42802.0,42622.0,42622.0,0.671542,0.70895,14.0
42806.0,35758.0,35758.0,0.692222,0.213024,13.0
42807.0,36062.0,36062.0,0.0235708,0.810996,13.0
42813.0,37297.0,37297.0,0.523852,0.257176,13.0
42820.0,39767.0,39767.0,0.640185,0.694028,13.0
42824.0,40337.0,40337.0,0.960632,0.151553,13.0
42831.0,40602.0,40602.0,0.552776,0.412606,13.0
42856.0,41703.0,41703.0,0.290657,0.0527528,13.0
42857.0,41792.0,41792.0,0.417735,0.995918,13.0
42858.0,41819.0,41819.0,0.708284,0.538217,13.0
42866.0,42047.0,42047.0,0.370396,0.367803,13.0
42869.0,42125.0,42125.0,0.590009,0.516226,13.0
42871.0,42181.0,42181.0,0.381563,0.620344,13.0
42872.0,42189.0,42189.0,0.0316656,0.795339,13.0
42874.0,42226.0,42226.0,0.870105,0.906426,13.0
42884.0,42398.0,42398.0,0.316223,0.887385,13.0
42889.0,42558.0,42558.0,0.54501,0.055179,13.0
42894.0,42644.0,42644.0,0.83155,0.637978,13.0
42900.0,42725.0,42725.0,0.728778,0.983304,13.0
42904.0,42754.0,42754.0,0.42317,0.664214,13.0
42916.0,38123.0,38123.0,0.473529,0.32562,12.0
42918.0,38372.0,38372.0,0.540587,0.729586,12.0
42921.0,39319.0,39319.0,0.604988,0.198141,12.0
42926.0,39631.0,39631.0,0.833117,0.29545,12.0
42928.0,39846.0,39846.0,0.834904,0.682252,12.0
42934.0,40314.0,40314.0,0.971385,0.666382,12.0
42939.0,40847.0,40847.0,0.40739,0.668809,12.0
42945.0,41251.0,41251.0,0.309189,0.529591,12.0
42947.0,41366.0,41366.0,0.0825321,0.227052,12.0
42949.0,41468.0,41468.0,0.740334,0.929445,12.0
42952.0,41505.0,41505.0,0.597754,0.482537,12.0
42956.0,41620.0,41620.0,0.672588,0.846341,12.0
42960.0,41734.0,41734.0,0.182836,0.304164,12.0
42963.0,41819.0,41819.0,0.680325,0.538919,12.0
42964.0,41882.0,41882.0,0.607634,0.468029,12.0
42973.0,42291.0,42291.0,0.25068,0.7012,12.0
42978.0,42348.0,42348.0,0.389421,0.617225,12.0
42984.0,42433.0,42433.0,0.0488155,0.518295,12.0
42990.0,42488.0,42488.0,0.253166,0.177018,12.0
42997.0,42554.0,42554.0,0.659926,0.718958,12.0
43003.0,42597.0,42597.0,0.109545,0.20742,12.0
43004.0,42617.0,42617.0,0.676978,0.560603,12.0
43005.0,42619.0,42619.0,0.380253,0.039102,12.0
43007.0,42627.0,42627.0,0.970056,0.406239,12.0
43016.0,42666.0,42666.0,0.395785,0.852043,12.0
43036.0,38974.0,38974.0,0.123796,0.905768,11.0
43037.0,39072.0,39072.0,0.55737,0.427156,11.0
43039.0,39768.0,39768.0,0.649029,0.650666,11.0
43042.0,40220.0,40220.0,0.734045,0.0902796,11.0
43045.0,40260.0,40260.0,0.025342,0.786359,11.0
43050.0,40710.0,40710.0,0.00367269,0.146229,11.0
43067.0,41530.0,41530.0,0.208895,0.280542,11.0
43078.0,41851.0,41851.0,0.5546,0.889381,11.0
43079.0,41853.0,41853.0,0.801185,0.65098,11.0
43081.0,41886.0,41886.0,0.998148,0.9384,11.0
43086.0,41936.0,41936.0,0.823082,0.517054,11.0
43089.0,42031.0,42031.0,0.539179,0.609956,11.0
43090.0,42050.0,42050.0,0.434803,0.695569,11.0
43093.0,42143.0,42143.0,0.528789,0.0175521,11.0
43099.0,42257.0,42257.0,0.0838368,0.903976,11.0
43103.0,42326.0,42326.0,0.860073,0.215136,11.0
43104.0,42330.0,42330.0,0.839528,0.347122,11.0
43111.0,42486.0,42486.0,0.872219,0.155934,11.0
43114.0,42539.0,42539.0,0.868671,0.553668,11.0
43116.0,42573.0,42573.0,0.814101,0.286203,11.0
43118.0,42599.0,42599.0,0.97762,0.97977,11.0
43125.0,42713.0,42713.0,0.428371,0.73965,11.0
43126.0,42732.0,42732.0,0.973918,0.397753,11.0
43129.0,42771.0,42771.0,0.875427,0.91356,11.0
43137.0,42843.0,42843.0,0.687479,0.845781,11.0
43139.0,42925.0,42925.0,0.83431,0.37918,11.0
43141.0,42937.0,42937.0,0.255632,0.691371,11.0
43142.0,42941.0,42941.0,0.710384,0.248516,11.0
43143.0,42951.0,42951.0,0.452778,0.378034,11.0
43153.0,38504.0,38504.0,0.182485,0.551592,10.0
43155.0,39072.0,39072.0,0.545739,0.475359,10.0
43159.0,39305.0,39305.0,0.479464,0.244106,10.0
43161.0,39500.0,39500.0,0.204336,0.80738,10.0
43162.0,39563.0,39563.0,0.178913,0.617683,10.0
43165.0,39885.0,39885.0,0.0625251,0.506959,10.0
43168.0,40343.0,40343.0,0.883495,0.0186758,10.0
43170.0,40513.0,40513.0,0.290288,0.156315,10.0
43171.0,40523.0,40523.0,0.000489143,0.121729,10.0
43174.0,40845.0,40845.0,0.519518,0.736594,10.0
43182.0,41207.0,41207.0,0.915005,0.586019,10.0
43183.0,41317.0,41317.0,0.124387,0.115036,10.0
43184.0,41366.0,41366.0,0.139796,0.212396,10.0
43186.0,41438.0,41438.0,0.298898,0.491411,10.0
43190.0,41485.0,41485.0,0.506288,0.876154,10.0
43191.0,41507.0,41507.0,0.645184,0.838484,10.0
43193.0,41542.0,41542.0,0.605425,0.779626,10.0
43194.0,41590.0,41590.0,0.555009,0.904896,10.0
43195.0,41590.0,41590.0,0.501719,0.924736,10.0
43197.0,41644.0,41644.0,0.955732,0.282572,10.0
43198.0,41687.0,41687.0,0.96115,0.678583,10.0
43201.0,41792.0,41792.0,0.391365,0.991889,10.0
43214.0,42410.0,42410.0,0.719482,0.539172,10.0
43219.0,42500.0,42500.0,0.444571,0.087293,10.0
43224.0,42602.0,42602.0,0.433849,0.131684,10.0
43225.0,42627.0,42627.0,0.943469,0.381085,10.0
43227.0,42648.0,42648.0,0.695284,0.250326,10.0
43230.0,42713.0,42713.0,0.461153,0.740887,10.0
43231.0,42719.0,42719.0,0.766937,0.106262,10.0
43234.0,42744.0,42744.0,0.79193,0.962281,10.0
43241.0,42899.0,42899.0,0.782975,0.796805,10.0
43244.0,42908.0,42908.0,0.412243,0.791441,10.0
43249.0,42960.0,42960.0,0.197938,0.29111,10.0
43251.0,42980.0,42980.0,0.476791,0.518155,10.0
43253.0,43033.0,43033.0,0.075363,0.716843,10.0
43254.0,43044.0,43044.0,0.75776,0.679779,10.0
43257.0,43056.0,43056.0,0.280534,0.0272701,10.0
43260.0,43098.0,43098.0,0.967336,0.627534,10.0
43265.0,36395.0,36395.0,0.562676,0.0185155,9.0
43271.0,37922.0,37922.0,0.295835,0.390633,9.0
43272.0,37929.0,37929.0,0.124427,0.70401,9.0
43275.0,38515.0,38515.0,0.298853,0.815139,9.0
43276.0,39111.0,39111.0,0.328948,0.783933,9.0
43278.0,39319.0,39319.0,0.588799,0.144969,9.0
43279.0,39536.0,39536.0,0.860593,0.0798059,9.0
43281.0,39841.0,39841.0,0.680379,0.414077,9.0
43282.0,39869.0,39869.0,0.219246,0.458025,9.0
43292.0,41327.0,41327.0,0.434288,0.569282,9.0
43298.0,41542.0,41542.0,0.565833,0.796829,9.0
43301.0,41696.0,41696.0,0.318495,0.763389,9.0
43306.0,41763.0,41763.0,0.366967,0.251432,9.0
43307.0,41822.0,41822.0,0.167931,0.599952,9.0
43311.0,42075.0,42075.0,0.344607,0.54453,9.0
43316.0,42226.0,42226.0,0.856753,0.891353,9.0
43323.0,42353.0,42353.0,0.131173,0.903802,9.0
43324.0,42377.0,42377.0,0.89083,0.606993,9.0
43325.0,42381.0,42381.0,0.102511,0.687719,9.0
43327.0,42425.0,42425.0,0.597117,0.999197,9.0
43328.0,42439.0,42439.0,0.0811863,0.24217,9.0
43329.0,42472.0,42472.0,0.422821,0.145738,9.0
43332.0,42521.0,42521.0,0.699291,0.220997,9.0
43335.0,42555.0,42555.0,0.131373,0.950636,9.0
43337.0,42568.0,42568.0,0.440208,0.996957,9.0
43338.0,42632.0,42632.0,0.648732,0.284628,9.0
43341.0,42707.0,42707.0,0.879487,0.174895,9.0
43342.0,42724.0,42724.0,0.104206,0.746354,9.0
43343.0,42733.0,42733.0,0.167323,0.472038,9.0
43345.0,42770.0,42770.0,0.164004,0.601925,9.0
43346.0,42781.0,42781.0,0.411997,0.95843,9.0
43347.0,42790.0,42790.0,0.0758805,0.918515,9.0
43349.0,42801.0,42801.0,0.453543,0.120984,9.0
43350.0,42832.0,42832.0,0.462577,0.51057,9.0
43352.0,42864.0,42864.0,0.232275,0.686191,9.0
43357.0,42968.0,42968.0,0.37346,0.404911,9.0
43359.0,42991.0,42991.0,0.626667,0.639209,9.0
43365.0,43068.0,43068.0,0.00576873,0.157577,9.0
43366.0,43078.0,43078.0,0.560513,0.856514,9.0
43369.0,43130.0,43130.0,0.548014,0.454635,9.0
43372.0,43165.0,43165.0,0.08307,0.538371,9.0
43374.0,43171.0,43171.0,0.0195539,0.119781,9.0
43375.0,43175.0,43175.0,0.242915,0.103479,9.0
43381.0,43222.0,43222.0,0.0427152,0.793832,9.0
43382.0,43252.0,43252.0,0.673247,0.684435,9.0
43384.0,43263.0,43263.0,0.586777,0.120754,9.0
43391.0,38504.0,38504.0,0.178403,0.551279,8.0
43392.0,38515.0,38515.0,0.306861,0.906058,8.0
43393.0,38599.0,38599.0,0.804583,0.800943,8.0
43397.0,39645.0,39645.0,0.0242445,0.00347854,8.0
43402.0,39814.0,39814.0,0.17733,0.976285,8.0
43404.0,39846.0,39846.0,0.762904,0.655121,8.0
43408.0,40229.0,40229.0,0.894203,0.8992,8.0
43411.0,40384.0,40384.0,0.924916,0.409062,8.0
43414.0,40584.0,40584.0,0.187242,0.300641,8.0
43415.0,40691.0,40691.0,0.796906,0.783677,8.0
43419.0,41039.0,41039.0,0.35277,0.394498,8.0
43420.0,41116.0,41116.0,0.211949,0.306235,8.0
43421.0,41157.0,41157.0,0.233058,0.671413,8.0
43422.0,41198.0,41198.0,0.11447,0.689643,8.0
43423.0,41269.0,41269.0,0.132172,0.320556,8.0
43424.0,41302.0,41302.0,0.91601,0.726347,8.0
43429.0,41559.0,41559.0,0.983973,0.097578,8.0
43433.0,41639.0,41639.0,0.526129,0.715995,8.0
43436.0,41820.0,41820.0,0.303608,0.0210613,8.0
43439.0,42114.0,42114.0,0.936451,0.276817,8.0
43440.0,42161.0,42161.0,0.279321,0.16172,8.0
43450.0,42435.0,42435.0,0.208205,0.327516,8.0
43452.0,42471.0,42471.0,0.822229,0.224431,8.0
43456.0,42496.0,42496.0,0.467127,0.52314,8.0
43461.0,42561.0,42561.0,0.577955,0.276916,8.0
43468.0,42754.0,42754.0,0.358878,0.641324,8.0
43470.0,42869.0,42869.0,0.577147,0.456354,8.0
43473.0,42898.0,42898.0,0.545033,0.615442,8.0
43474.0,42933.0,42933.0,0.576383,0.747075,8.0
43475.0,42943.0,42943.0,0.401775,0.788843,8.0
43479.0,43032.0,43032.0,0.801366,0.319162,8.0
43481.0,43067.0,43067.0,0.230031,0.3096,8.0
43482.0,43086.0,43086.0,0.761019,0.502076,8.0
43489.0,43160.0,43160.0,0.183943,0.78601,8.0
43494.0,43211.0,43211.0,0.853222,0.890616,8.0
43495.0,43224.0,43224.0,0.375426,0.116005,8.0
43496.0,43227.0,43227.0,0.673502,0.268194,8.0
43497.0,43257.0,43257.0,0.241754,0.0252675,8.0
43499.0,43265.0,43265.0,0.546195,0.0591017,8.0
43502.0,43282.0,43282.0,0.18095,0.450843,8.0
43503.0,43284.0,43284.0,0.12605,0.122802,8.0
43504.0,43287.0,43287.0,0.847106,0.243736,8.0
43508.0,43344.0,43344.0,0.767166,0.95813,8.0
43510.0,43374.0,43374.0,0.98302,0.130635,8.0
43511.0,43380.0,43380.0,0.705294,0.546053,8.0
43513.0,37138.0,37138.0,0.866877,0.177856,7.0
43516.0,38504.0,38504.0,0.202685,0.567089,7.0
43523.0,40225.0,40225.0,0.783827,0.77242,7.0
43527.0,40366.0,40366.0,0.408683,0.0460266,7.0
43528.0,40522.0,40522.0,0.476989,0.226029,7.0
43530.0,40642.0,40642.0,0.762369,0.124675,7.0
43531.0,40710.0,40710.0,0.0195897,0.131602,7.0
43533.0,40812.0,40812.0,0.273926,0.677001,7.0
43536.0,41071.0,41071.0,0.805245,0.681215,7.0
43537.0,41157.0,41157.0,0.269881,0.711997,7.0
43538.0,41289.0,41289.0,0.31624,0.865169,7.0
43539.0,41317.0,41317.0,0.150865,0.0949392,7.0
43541.0,41443.0,41443.0,0.629916,0.866379,7.0
43544.0,41515.0,41515.0,0.319703,0.245194,7.0
43551.0,41687.0,41687.0,0.00872372,0.749496,7.0
43556.0,42143.0,42143.0,0.540218,0.00306845,7.0
43557.0,42165.0,42165.0,0.417862,0.812333,7.0
43558.0,42229.0,42229.0,0.397731,0.273116,7.0
43559.0,42252.0,42252.0,0.578878,0.16476,7.0
43560.0,42278.0,42278.0,0.324587,0.533072,7.0
43561.0,42380.0,42380.0,0.76616,0.807971,7.0
43562.0,42393.0,42393.0,0.79847,0.681218,7.0
43567.0,42555.0,42555.0,0.153201,0.946649,7.0
43568.0,42575.0,42575.0,0.0769628,0.316554,7.0
43569.0,42587.0,42587.0,0.409028,0.50555,7.0
43570.0,42592.0,42592.0,0.0916853,0.408644,7.0
43577.0,42754.0,42754.0,0.386586,0.670559,7.0
43580.0,42926.0,42926.0,0.832058,0.323449,7.0
43586.0,43048.0,43048.0,0.819907,0.526737,7.0
43590.0,43111.0,43111.0,0.857931,0.220352,7.0
43593.0,43199.0,43199.0,0.363654,0.284808,7.0
43594.0,43224.0,43224.0,0.393454,0.131908,7.0
43595.0,43224.0,43224.0,0.446685,0.0828805,7.0
43600.0,43267.0,43267.0,0.442441,0.363558,7.0
43603.0,43282.0,43282.0,0.179358,0.45047,7.0
43606.0,43342.0,43342.0,0.119777,0.687701,7.0
43607.0,43347.0,43347.0,0.11736,0.924465,7.0
43611.0,43381.0,43381.0,0.0518801,0.77382,7.0
43614.0,43396.0,43396.0,0.178278,0.322995,7.0
43618.0,43427.0,43427.0,0.674583,0.363123,7.0
43620.0,43431.0,43431.0,0.326446,0.526355,7.0
43621.0,43443.0,43443.0,0.697393,0.361145,7.0
43622.0,43450.0,43450.0,0.210922,0.314849,7.0
43628.0,43493.0,43493.0,0.770959,0.984341,7.0
43631.0,31982.0,31982.0,0.848736,0.0584112,6.0
43632.0,35663.0,35663.0,0.972138,0.305419,6.0
43633.0,36728.0,36728.0,0.990669,0.0898563,6.0
43634.0,38504.0,38504.0,0.217843,0.60765,6.0
43638.0,39940.0,39940.0,0.43506,0.544335,6.0
43639.0,40069.0,40069.0,0.957006,0.241882,6.0
43643.0,40513.0,40513.0,0.279263,0.141746,6.0
43644.0,40523.0,40523.0,7.44334e-05,0.0886877,6.0
43645.0,40592.0,40592.0,0.846423,0.479659,6.0
43647.0,41119.0,41119.0,0.767848,0.951301,6.0
43648.0,41177.0,41177.0,0.817645,0.0693919,6.0
43649.0,41251.0,41251.0,0.320274,0.507523,6.0
43650.0,41251.0,41251.0,0.30221,0.526344,6.0
43653.0,41336.0,41336.0,0.430628,0.171116,6.0
43663.0,41591.0,41591.0,0.539215,0.443106,6.0
43667.0,41792.0,41792.0,0.424094,0.996157,6.0
43668.0,41851.0,41851.0,0.525218,0.865748,6.0
43669.0,41851.0,41851.0,0.544963,0.874064,6.0
43670.0,41982.0,41982.0,0.938786,0.553615,6.0
43671.0,42037.0,42037.0,0.00163004,0.399278,6.0
43674.0,42124.0,42124.0,0.363575,0.256265,6.0
43675.0,42141.0,42141.0,0.973094,0.115335,6.0
43677.0,42252.0,42252.0,0.566755,0.139669,6.0
43679.0,42405.0,42405.0,0.110802,0.430563,6.0
43684.0,42522.0,42522.0,0.150458,0.0618922,6.0
43689.0,42610.0,42610.0,0.555048,0.584556,6.0
43692.0,42697.0,42697.0,0.135553,0.428089,6.0
43695.0,42785.0,42785.0,0.0339613,0.00771484,6.0
43697.0,42846.0,42846.0,0.897811,0.791953,6.0
43698.0,42884.0,42884.0,0.324795,0.89414,6.0
43699.0,42904.0,42904.0,0.425274,0.689074,6.0
43700.0,42943.0,42943.0,0.443502,0.780026,6.0
43703.0,42984.0,42984.0,0.0602733,0.532608,6.0
43704.0,43035.0,43035.0,0.184693,0.727001,6.0
43705.0,43037.0,43037.0,0.55398,0.435591,6.0
43706.0,43127.0,43127.0,0.149742,0.578561,6.0
43709.0,43160.0,43160.0,0.252894,0.774895,6.0
43711.0,43172.0,43172.0,0.0696255,0.668165,6.0
43712.0,43184.0,43184.0,0.113882,0.185433,6.0
43714.0,43306.0,43306.0,0.355068,0.245732,6.0
43719.0,43392.0,43392.0,0.265512,0.869218,6.0
43720.0,43402.0,43402.0,0.149388,0.950387,6.0
43724.0,43477.0,43477.0,0.836872,0.00611317,6.0
43727.0,43502.0,43502.0,0.17793,0.449141,6.0
43728.0,43502.0,43502.0,0.23601,0.412439,6.0
43729.0,43555.0,43555.0,0.297437,0.541171,6.0
43732.0,43560.0,43560.0,0.301262,0.565332,6.0
43733.0,43594.0,43594.0,0.38814,0.13625,6.0
43734.0,43606.0,43606.0,0.116523,0.714786,6.0
43739.0,36384.0,36384.0,0.561757,0.603788,5.0
43740.0,36494.0,36494.0,0.464676,0.370747,5.0
43741.0,38528.0,38528.0,0.0327656,0.357816,5.0
43743.0,39319.0,39319.0,0.587185,0.102823,5.0
43746.0,39890.0,39890.0,0.014196,0.820297,5.0
43747.0,40177.0,40177.0,0.0434595,0.651567,5.0
43748.0,40249.0,40249.0,0.149687,0.560064,5.0
43749.0,40260.0,40260.0,0.0416896,0.815988,5.0
43750.0,40334.0,40334.0,0.475256,0.190225,5.0
43751.0,40345.0,40345.0,0.845398,0.493555,5.0
43752.0,40522.0,40522.0,0.466103,0.257757,5.0
43753.0,40716.0,40716.0,0.133155,0.722353,5.0
43754.0,40793.0,40793.0,0.0466757,0.646591,5.0
43755.0,40845.0,40845.0,0.502822,0.77089,5.0
43757.0,40973.0,40973.0,0.769297,0.446112,5.0
43758.0,41071.0,41071.0,0.794504,0.649956,5.0
43761.0,41181.0,41181.0,0.666204,0.00074677,5.0
43763.0,41329.0,41329.0,0.540761,0.0409171,5.0
43765.0,41418.0,41418.0,0.240612,0.43305,5.0
43766.0,41418.0,41418.0,0.141199,0.458934,5.0
43767.0,41419.0,41419.0,0.0169573,0.980178,5.0
43769.0,41579.0,41579.0,0.402495,0.249396,5.0
43770.0,41644.0,41644.0,0.972383,0.325403,5.0
43771.0,41644.0,41644.0,0.94478,0.232598,5.0
43773.0,41696.0,41696.0,0.359349,0.796451,5.0
43774.0,41820.0,41820.0,0.297987,0.999572,5.0
43776.0,41825.0,41825.0,0.659819,0.0277539,5.0
43777.0,41851.0,41851.0,0.513903,0.902178,5.0
43785.0,42458.0,42458.0,0.905877,0.864691,5.0
43791.0,42558.0,42558.0,0.49142,0.0409661,5.0
43795.0,42712.0,42712.0,0.8142,0.499501,5.0
43796.0,42713.0,42713.0,0.440621,0.760071,5.0
43799.0,42754.0,42754.0,0.407215,0.678295,5.0
43800.0,42775.0,42775.0,0.639302,0.554439,5.0
43802.0,42815.0,42815.0,0.704921,0.663648,5.0
43804.0,42871.0,42871.0,0.378359,0.640887,5.0
43808.0,43075.0,43075.0,0.907391,0.856776,5.0
43809.0,43139.0,43139.0,0.852662,0.358635,5.0
43810.0,43162.0,43162.0,0.182294,0.596053,5.0
43811.0,43187.0,43187.0,0.311543,0.538126,5.0
43813.0,43231.0,43231.0,0.714733,0.105507,5.0
43814.0,43259.0,43259.0,0.134871,0.0892033,5.0
43816.0,43272.0,43272.0,0.0628953,0.721999,5.0
43818.0,43314.0,43314.0,0.0777029,0.82208,5.0
43819.0,43316.0,43316.0,0.919659,0.899062,5.0
43820.0,43327.0,43327.0,0.618949,0.963126,5.0
43822.0,43385.0,43385.0,0.704781,0.388777,5.0
43823.0,43409.0,43409.0,0.492374,0.191171,5.0
43824.0,43418.0,43418.0,0.3108,0.413423,5.0
43835.0,43540.0,43540.0,0.485637,0.357782,5.0
43836.0,43549.0,43549.0,0.535872,0.241488,5.0
43837.0,43559.0,43559.0,0.593543,0.177146,5.0
43840.0,43591.0,43591.0,0.901319,0.913088,5.0
43843.0,43599.0,43599.0,0.671893,0.700333,5.0
43844.0,43603.0,43603.0,0.205667,0.459147,5.0
43845.0,43611.0,43611.0,0.0229963,0.778215,5.0
43847.0,43632.0,43632.0,0.98593,0.283547,5.0
43848.0,43645.0,43645.0,0.854352,0.50515,5.0
43849.0,43668.0,43668.0,0.559416,0.898627,5.0
43850.0,43682.0,43682.0,0.295788,0.26102,5.0
43851.0,43728.0,43728.0,0.237056,0.42392,5.0
43854.0,37761.0,37761.0,0.674308,0.261364,4.0
43856.0,39319.0,39319.0,0.591911,0.142676,4.0
43857.0,39768.0,39768.0,0.709625,0.664116,4.0
43860.0,40177.0,40177.0,0.0245676,0.614582,4.0
43861.0,40523.0,40523.0,0.024008,0.0774523,4.0
43862.0,40582.0,40582.0,0.723993,0.229605,4.0
43864.0,40686.0,40686.0,0.864348,0.0810673,4.0
43865.0,40981.0,40981.0,0.932754,0.560197,4.0
43866.0,41117.0,41117.0,0.976995,0.963913,4.0
43867.0,41239.0,41239.0,0.217724,0.783863,4.0
43868.0,41406.0,41406.0,0.58433,0.141009,4.0
43869.0,41591.0,41591.0,0.577658,0.419817,4.0
43870.0,41629.0,41629.0,0.185319,0.845015,4.0
43871.0,41879.0,41879.0,0.931899,0.431363,4.0
43872.0,41991.0,41991.0,0.269842,0.697929,4.0
43873.0,42026.0,42026.0,0.896128,0.0430542,4.0
43876.0,42391.0,42391.0,0.303121,0.179958,4.0
43878.0,42459.0,42459.0,0.324271,0.23648,4.0
43880.0,42468.0,42468.0,0.898674,0.74213,4.0
43885.0,42556.0,42556.0,0.214905,0.163241,4.0
43889.0,42648.0,42648.0,0.707337,0.249339,4.0
43894.0,42760.0,42760.0,0.628464,0.98544,4.0
43895.0,42785.0,42785.0,0.0672888,0.998116,4.0
43898.0,42904.0,42904.0,0.46632,0.644441,4.0
43899.0,42918.0,42918.0,0.546468,0.728369,4.0
43900.0,42921.0,42921.0,0.552089,0.201736,4.0
43901.0,42939.0,42939.0,0.426528,0.659633,4.0
43905.0,43024.0,43024.0,0.966614,0.250397,4.0
43907.0,43055.0,43055.0,0.0217276,0.942726,4.0
43908.0,43056.0,43056.0,0.295265,0.00288365,4.0
43911.0,43171.0,43171.0,0.966904,0.119209,4.0
43912.0,43182.0,43182.0,0.915125,0.544329,4.0
43913.0,43199.0,43199.0,0.349395,0.279266,4.0
43914.0,43231.0,43231.0,0.740259,0.10268,4.0
43916.0,43328.0,43328.0,0.114976,0.225129,4.0
43917.0,43421.0,43421.0,0.236884,0.703936,4.0
43918.0,43454.0,43454.0,0.858014,0.495035,4.0
43919.0,43461.0,43461.0,0.634482,0.304287,4.0
43921.0,43481.0,43481.0,0.205439,0.334647,4.0
43922.0,43499.0,43499.0,0.552037,0.0520819,4.0
43927.0,43562.0,43562.0,0.843202,0.633302,4.0
43930.0,43615.0,43615.0,0.967507,0.384853,4.0
43932.0,43667.0,43667.0,0.401157,0.0105909,4.0
43934.0,43669.0,43669.0,0.513042,0.835901,4.0
43936.0,43690.0,43690.0,0.968266,0.942692,4.0
43937.0,43700.0,43700.0,0.423843,0.828852,4.0
43940.0,43717.0,43717.0,0.162477,0.178206,4.0
43941.0,43730.0,43730.0,0.304187,0.554434,4.0
43942.0,43746.0,43746.0,0.0227571,0.83838,4.0
43945.0,43833.0,43833.0,0.793107,0.785426,4.0
43946.0,43836.0,43836.0,0.588927,0.249567,4.0
43949.0,35282.0,35282.0,0.717938,0.325817,3.0
43950.0,36474.0,36474.0,0.371329,0.270108,3.0
43952.0,37592.0,37592.0,0.0841334,0.51538,3.0
43953.0,38174.0,38174.0,0.910834,0.0597208,3.0
43954.0,38762.0,38762.0,0.636782,0.564716,3.0
43956.0,39563.0,39563.0,0.167803,0.580491,3.0
43957.0,39653.0,39653.0,0.872019,0.185092,3.0
43958.0,39845.0,39845.0,0.0338168,0.518022,3.0
43959.0,39845.0,39845.0,0.0477449,0.551155,3.0
43965.0,41039.0,41039.0,0.339432,0.39772,3.0
43968.0,41289.0,41289.0,0.314213,0.880593,3.0
43969.0,41366.0,41366.0,0.133273,0.224731,3.0
43972.0,41441.0,41441.0,0.295698,0.073081,3.0
43973.0,41541.0,41541.0,0.767336,0.817946,3.0
43974.0,41628.0,41628.0,0.647558,0.657941,3.0
43975.0,41629.0,41629.0,0.196842,0.826913,3.0
43978.0,41882.0,41882.0,0.604452,0.469671,3.0
43979.0,41913.0,41913.0,0.600723,0.857215,3.0
43980.0,42096.0,42096.0,0.0559537,0.0763162,3.0
43981.0,42170.0,42170.0,0.393867,0.814638,3.0
43982.0,42245.0,42245.0,0.0174107,0.636363,3.0
43983.0,42260.0,42260.0,0.171461,0.816197,3.0
43984.0,42338.0,42338.0,0.0555646,0.514556,3.0
43985.0,42348.0,42348.0,0.42331,0.674342,3.0
43986.0,42358.0,42358.0,0.225721,0.994259,3.0
43987.0,42393.0,42393.0,0.817941,0.647835,3.0
43990.0,42510.0,42510.0,0.831428,0.408481,3.0
43991.0,42602.0,42602.0,0.434888,0.0911604,3.0
43992.0,42620.0,42620.0,0.955781,0.646126,3.0
43994.0,42838.0,42838.0,0.0580812,0.327071,3.0
43995.0,42874.0,42874.0,0.873412,0.90097,3.0
43996.0,42894.0,42894.0,0.801927,0.653762,3.0
43998.0,42926.0,42926.0,0.79587,0.267534,3.0
43999.0,43036.0,43036.0,0.152948,0.903914,3.0
44000.0,43036.0,43036.0,0.135972,0.953844,3.0
44001.0,43061.0,43061.0,0.668758,0.193495,3.0
44002.0,43078.0,43078.0,0.544577,0.870447,3.0
44004.0,43116.0,43116.0,0.833008,0.329562,3.0
44005.0,43126.0,43126.0,0.962514,0.389409,3.0
44006.0,43127.0,43127.0,0.140381,0.57692,3.0
44008.0,43185.0,43185.0,0.116448,0.0753919,3.0
44009.0,43195.0,43195.0,0.456857,0.935588,3.0
44010.0,43231.0,43231.0,0.749931,0.11259,3.0
44012.0,43320.0,43320.0,0.542488,0.621359,3.0
44014.0,43375.0,43375.0,0.260138,0.0812216,3.0
44016.0,43384.0,43384.0,0.58486,0.137262,3.0
44017.0,43385.0,43385.0,0.716562,0.344821,3.0
44018.0,43415.0,43415.0,0.775492,0.814264,3.0
44020.0,43440.0,43440.0,0.283227,0.141673,3.0
44022.0,43511.0,43511.0,0.710577,0.553435,3.0
44027.0,43537.0,43537.0,0.272377,0.72535,3.0
44028.0,43557.0,43557.0,0.449876,0.815601,3.0
44029.0,43571.0,43571.0,0.43178,0.0904775,3.0
44031.0,43615.0,43615.0,0.99594,0.428937,3.0
44032.0,43647.0,43647.0,0.754114,0.956943,3.0
44034.0,43669.0,43669.0,0.482076,0.860016,3.0
44038.0,43684.0,43684.0,0.105667,0.053136,3.0
44042.0,43729.0,43729.0,0.329022,0.510732,3.0
44043.0,43749.0,43749.0,0.035476,0.808279,3.0
44044.0,43765.0,43765.0,0.203391,0.473448,3.0
44047.0,43810.0,43810.0,0.20439,0.576348,3.0
44049.0,43852.0,43852.0,0.487948,0.381847,3.0
44050.0,43879.0,43879.0,0.293603,0.179603,3.0
44051.0,43891.0,43891.0,0.611944,0.725803,3.0
44054.0,43918.0,43918.0,0.872915,0.472839,3.0
44057.0,37417.0,37417.0,0.619822,0.945638,2.0
44060.0,39858.0,39858.0,0.253806,0.190948,2.0
44061.0,39940.0,39940.0,0.444721,0.503024,2.0
44063.0,40220.0,40220.0,0.762392,0.0627316,2.0
44064.0,40345.0,40345.0,0.782342,0.475403,2.0
44065.0,40521.0,40521.0,0.36971,0.420817,2.0
44066.0,40545.0,40545.0,0.956663,0.244747,2.0
44067.0,40763.0,40763.0,0.576308,0.627185,2.0
44068.0,40798.0,40798.0,0.449267,0.217181,2.0
44072.0,41289.0,41289.0,0.287274,0.89265,2.0
44074.0,41443.0,41443.0,0.680529,0.880734,2.0
44077.0,41868.0,41868.0,0.0351481,0.813859,2.0
44078.0,42029.0,42029.0,0.526971,0.715175,2.0
44079.0,42075.0,42075.0,0.33257,0.554991,2.0
44080.0,42124.0,42124.0,0.363388,0.282003,2.0
44082.0,42394.0,42394.0,0.209437,0.636811,2.0
44083.0,42412.0,42412.0,0.0455375,0.526424,2.0
44084.0,42449.0,42449.0,0.916702,0.800099,2.0
44085.0,42529.0,42529.0,0.774502,0.815963,2.0
44087.0,42555.0,42555.0,0.20979,0.943897,2.0
44088.0,42587.0,42587.0,0.471013,0.496728,2.0
44090.0,42636.0,42636.0,0.194783,0.456663,2.0
44092.0,42704.0,42704.0,0.694671,0.0896746,2.0
44093.0,42717.0,42717.0,0.749175,0.874269,2.0
44096.0,42750.0,42750.0,0.905395,0.737,2.0
44098.0,42760.0,42760.0,0.660492,0.00198854,2.0
44100.0,42797.0,42797.0,0.0038135,0.248696,2.0
44102.0,42916.0,42916.0,0.430568,0.326878,2.0
44106.0,43225.0,43225.0,0.943474,0.396625,2.0
44108.0,43259.0,43259.0,0.143967,0.0876507,2.0
44109.0,43311.0,43311.0,0.324876,0.52453,2.0
44110.0,43338.0,43338.0,0.666415,0.277104,2.0
44113.0,43346.0,43346.0,0.401069,0.933174,2.0
44114.0,43382.0,43382.0,0.663018,0.687468,2.0
44116.0,43422.0,43422.0,0.118665,0.680296,2.0
44117.0,43440.0,43440.0,0.254285,0.159951,2.0
44118.0,43482.0,43482.0,0.752059,0.475087,2.0
44119.0,43487.0,43487.0,0.396076,0.86244,2.0
44120.0,43489.0,43489.0,0.191404,0.806088,2.0
44121.0,43494.0,43494.0,0.849714,0.907169,2.0
44122.0,43503.0,43503.0,0.126111,0.110466,2.0
44123.0,43513.0,43513.0,0.886912,0.227487,2.0
44124.0,43521.0,43521.0,0.288457,0.802339,2.0
44126.0,43534.0,43534.0,0.528516,0.239194,2.0
44127.0,43541.0,43541.0,0.638333,0.868182,2.0
44129.0,43562.0,43562.0,0.755271,0.650877,2.0
44130.0,43567.0,43567.0,0.152856,0.92371,2.0
44131.0,43581.0,43581.0,0.664624,0.537216,2.0
44132.0,43583.0,43583.0,0.647509,0.152779,2.0
44133.0,43612.0,43612.0,0.251161,0.580522,2.0
44136.0,43668.0,43668.0,0.52772,0.865951,2.0
44137.0,43669.0,43669.0,0.542187,0.860947,2.0
44138.0,43697.0,43697.0,0.885622,0.833791,2.0
44144.0,43764.0,43764.0,0.70344,0.565699,2.0
44148.0,43823.0,43823.0,0.502306,0.225884,2.0
44149.0,43835.0,43835.0,0.479555,0.353676,2.0
44150.0,43840.0,43840.0,0.905926,0.888317,2.0
44152.0,43876.0,43876.0,0.284047,0.206238,2.0
44153.0,43887.0,43887.0,0.137947,0.662869,2.0
44154.0,43910.0,43910.0,0.295534,0.600091,2.0
44155.0,43917.0,43917.0,0.262705,0.685555,2.0
44156.0,43958.0,43958.0,0.0350901,0.507029,2.0
44157.0,43980.0,43980.0,0.0348936,0.0830269,2.0
44158.0,43982.0,43982.0,0.998858,0.637424,2.0
44159.0,44016.0,44016.0,0.652036,0.139018,2.0
44161.0,38123.0,38123.0,0.479838,0.301077,1.0
44162.0,38762.0,38762.0,0.668868,0.544246,1.0
44163.0,39273.0,39273.0,0.240209,0.0447673,1.0
44164.0,39728.0,39728.0,0.272704,0.549921,1.0
44165.0,40014.0,40014.0,0.118132,0.0504459,1.0
44166.0,40285.0,40285.0,0.0974046,0.676085,1.0
44169.0,40592.0,40592.0,0.798681,0.453134,1.0
44170.0,40642.0,40642.0,0.773126,0.114018,1.0
44171.0,40710.0,40710.0,0.989081,0.11796,1.0
44172.0,40727.0,40727.0,0.451646,0.10248,1.0
44174.0,40887.0,40887.0,0.0829905,0.257178,1.0
44175.0,41034.0,41034.0,0.890516,0.900532,1.0
44176.0,41422.0,41422.0,0.586576,0.31327,1.0
44177.0,41444.0,41444.0,0.340497,0.99249,1.0
44178.0,41481.0,41481.0,0.734111,0.350228,1.0
44179.0,41508.0,41508.0,0.717616,0.444412,1.0
44180.0,41552.0,41552.0,0.593029,0.155282,1.0
44182.0,41824.0,41824.0,0.189649,0.218532,1.0
44184.0,41982.0,41982.0,0.932697,0.606334,1.0
44185.0,42037.0,42037.0,0.97845,0.410215,1.0
44187.0,42097.0,42097.0,0.446202,0.804152,1.0
44188.0,42218.0,42218.0,0.493787,0.935113,1.0
44189.0,42245.0,42245.0,0.958695,0.654182,1.0
44191.0,42369.0,42369.0,0.215924,0.802725,1.0
44192.0,42405.0,42405.0,0.110904,0.403106,1.0
44193.0,42439.0,42439.0,0.0521787,0.228302,1.0
44194.0,42459.0,42459.0,0.362033,0.235234,1.0
44195.0,42466.0,42466.0,0.716701,0.240398,1.0
44196.0,42524.0,42524.0,0.592061,0.374682,1.0
44197.0,42678.0,42678.0,0.556541,0.77658,1.0
44198.0,42704.0,42704.0,0.736398,0.104823,1.0
44200.0,42912.0,42912.0,0.940217,0.69092,1.0
44201.0,42947.0,42947.0,0.0749,0.220426,1.0
44202.0,42984.0,42984.0,0.0470556,0.522764,1.0
44203.0,42984.0,42984.0,0.054407,0.540704,1.0
44205.0,43016.0,43016.0,0.417181,0.873346,1.0
44206.0,43090.0,43090.0,0.42891,0.697304,1.0
44208.0,43159.0,43159.0,0.505957,0.269284,1.0
44209.0,43193.0,43193.0,0.61639,0.749981,1.0
44210.0,43201.0,43201.0,0.37016,0.968473,1.0
44211.0,43229.0,43229.0,0.99954,0.276256,1.0
44212.0,43244.0,43244.0,0.386097,0.819624,1.0
44213.0,43254.0,43254.0,0.771054,0.687289,1.0
44214.0,43260.0,43260.0,0.967813,0.657794,1.0
44215.0,43298.0,43298.0,0.594352,0.755204,1.0
44217.0,43327.0,43327.0,0.631263,0.00325043,1.0
44219.0,43349.0,43349.0,0.447213,0.130588,1.0
44220.0,43391.0,43391.0,0.201312,0.548593,1.0
44221.0,43417.0,43417.0,0.781469,0.25308,1.0
44222.0,43468.0,43468.0,0.394318,0.642336,1.0
44223.0,43510.0,43510.0,0.992793,0.130753,1.0
44224.0,43523.0,43523.0,0.780187,0.82551,1.0
44225.0,43528.0,43528.0,0.484839,0.248411,1.0
44226.0,43533.0,43533.0,0.272254,0.683362,1.0
44228.0,43549.0,43549.0,0.598055,0.226494,1.0
44229.0,43560.0,43560.0,0.329503,0.557108,1.0
44230.0,43562.0,43562.0,0.812225,0.718945,1.0
44231.0,43562.0,43562.0,0.790284,0.677725,1.0
44232.0,43596.0,43596.0,0.993103,0.256799,1.0
44233.0,43663.0,43663.0,0.535178,0.435882,1.0
44234.0,43679.0,43679.0,0.142967,0.383661,1.0
44236.0,43705.0,43705.0,0.515716,0.443775,1.0
44237.0,43720.0,43720.0,0.170739,0.996609,1.0
44238.0,43735.0,43735.0,0.0489022,0.790965,1.0
44239.0,43741.0,43741.0,0.0350691,0.383603,1.0
44240.0,43757.0,43757.0,0.770791,0.458461,1.0
44242.0,43809.0,43809.0,0.833771,0.338669,1.0
44244.0,43845.0,43845.0,0.0256493,0.7684,1.0
44247.0,43868.0,43868.0,0.574738,0.152969,1.0
44248.0,43894.0,43894.0,0.644038,0.983484,1.0
44250.0,43992.0,43992.0,0.994909,0.660756,1.0
44252.0,44010.0,44010.0,0.743037,0.129373,1.0
44255.0,44054.0,44054.0,0.844259,0.470763,1.0
44256.0,44093.0,44093.0,0.712977,0.848255,1.0
44257.0,44096.0,44096.0,0.90463,0.762544,1.0
44258.0,44098.0,44098.0,0.631114,0.0451661,1.0
44261.0,44126.0,44126.0,0.536665,0.210451,1.0
44262.0,44130.0,44130.0,0.179791,0.956546,1.0
44264.0,36384.0,36384.0,0.580507,0.63344,0.0
44265.0,36395.0,36395.0,0.522593,0.947756,0.0
44266.0,36395.0,36395.0,0.525252,0.0199458,0.0
44269.0,37461.0,37461.0,0.469112,0.561574,0.0
44270.0,38123.0,38123.0,0.435652,0.362867,0.0
44271.0,38699.0,38699.0,0.610028,0.854359,0.0
44272.0,38887.0,38887.0,0.851755,0.0463504,0.0
44273.0,39636.0,39636.0,0.275861,0.793006,0.0
44274.0,39731.0,39731.0,0.500717,0.0239891,0.0
44275.0,40097.0,40097.0,0.856911,0.184717,0.0
44276.0,40480.0,40480.0,0.792636,0.985068,0.0
44277.0,40712.0,40712.0,0.0739186,0.401881,0.0
44278.0,40716.0,40716.0,0.0947965,0.691513,0.0
44279.0,40783.0,40783.0,0.586969,0.108799,0.0
44280.0,40980.0,40980.0,0.476739,0.505794,0.0
44281.0,41117.0,41117.0,0.00881309,0.918036,0.0
44282.0,41218.0,41218.0,0.0641636,0.965808,0.0
44283.0,41317.0,41317.0,0.171413,0.151393,0.0
44284.0,41329.0,41329.0,0.559304,0.108183,0.0
44285.0,41367.0,41367.0,0.213525,0.890767,0.0
44286.0,41408.0,41408.0,0.113555,0.0502972,0.0
44287.0,41422.0,41422.0,0.603317,0.318446,0.0
44288.0,41444.0,41444.0,0.331156,0.978466,0.0
44289.0,41542.0,41542.0,0.597062,0.767995,0.0
44292.0,41826.0,41826.0,0.906904,0.739278,0.0
44293.0,41828.0,41828.0,0.971207,0.161892,0.0
44294.0,41858.0,41858.0,0.942395,0.525887,0.0
44295.0,41879.0,41879.0,0.918283,0.436016,0.0
44296.0,41901.0,41901.0,0.0334443,0.50946,0.0
44298.0,41991.0,41991.0,0.260748,0.679145,0.0
44299.0,42009.0,42009.0,0.98222,0.261458,0.0
44300.0,42026.0,42026.0,0.891015,0.0564409,0.0
44302.0,42147.0,42147.0,0.278054,0.867559,0.0
44303.0,42201.0,42201.0,0.648088,0.00219188,0.0
44304.0,42237.0,42237.0,0.732697,0.202693,0.0
44305.0,42348.0,42348.0,0.437323,0.705004,0.0
44306.0,42406.0,42406.0,0.0313647,0.942867,0.0
44308.0,42458.0,42458.0,0.930209,0.851075,0.0
44309.0,42458.0,42458.0,0.896538,0.890452,0.0
44311.0,42481.0,42481.0,0.527186,0.213738,0.0
44312.0,42529.0,42529.0,0.789888,0.824563,0.0
44313.0,42671.0,42671.0,0.540317,0.019825,0.0
44314.0,42694.0,42694.0,0.176366,0.0933129,0.0
44316.0,42813.0,42813.0,0.536605,0.236229,0.0
44317.0,42894.0,42894.0,0.842396,0.657145,0.0
44318.0,42945.0,42945.0,0.337234,0.525668,0.0
44319.0,42956.0,42956.0,0.720417,0.843461,0.0
44321.0,43002.0,43002.0,0.639415,0.323978,0.0
44322.0,43139.0,43139.0,0.804878,0.362674,0.0
44323.0,43143.0,43143.0,0.470745,0.375835,0.0
44325.0,43174.0,43174.0,0.54323,0.703065,0.0
44326.0,43184.0,43184.0,0.148725,0.191198,0.0
44327.0,43194.0,43194.0,0.560924,0.915311,0.0
44328.0,43227.0,43227.0,0.714639,0.283321,0.0
44329.0,43231.0,43231.0,0.759937,0.12577,0.0
44330.0,43249.0,43249.0,0.166213,0.306302,0.0
44331.0,43257.0,43257.0,0.301213,0.0544369,0.0
44332.0,43257.0,43257.0,0.269743,0.0263538,0.0
44333.0,43311.0,43311.0,0.328735,0.494538,0.0
44334.0,43357.0,43357.0,0.367029,0.387174,0.0
44335.0,43374.0,43374.0,0.0197705,0.108268,0.0
44336.0,43392.0,43392.0,0.303202,0.897549,0.0
44339.0,43504.0,43504.0,0.837175,0.248493,0.0
44340.0,43544.0,43544.0,0.293575,0.261393,0.0
44341.0,43611.0,43611.0,0.0299007,0.7923,0.0
44342.0,43614.0,43614.0,0.175311,0.309338,0.0
44343.0,43614.0,43614.0,0.225182,0.277513,0.0
44344.0,43626.0,43626.0,0.831989,0.0879591,0.0
44345.0,43647.0,43647.0,0.741021,0.912437,0.0
44346.0,43650.0,43650.0,0.314318,0.508704,0.0
44347.0,43652.0,43652.0,0.738071,0.209266,0.0
44348.0,43727.0,43727.0,0.186866,0.438446,0.0
44349.0,43740.0,43740.0,0.468812,0.406932,0.0
44350.0,43741.0,43741.0,0.991833,0.372718,0.0
44351.0,43741.0,43741.0,0.0162278,0.345335,0.0
44352.0,43767.0,43767.0,0.0193426,0.992042,0.0
44353.0,43818.0,43818.0,0.0984513,0.883518,0.0
44354.0,43819.0,43819.0,0.912022,0.870357,0.0
44355.0,43870.0,43870.0,0.211267,0.830975,0.0
44356.0,43889.0,43889.0,0.700505,0.267211,0.0
44357.0,43895.0,43895.0,0.0658829,0.0264047,0.0
44358.0,43898.0,43898.0,0.470178,0.648796,0.0
44360.0,43930.0,43930.0,0.943009,0.429993,0.0
44361.0,43944.0,43944.0,0.429263,0.440146,0.0
44362.0,43949.0,43949.0,0.670211,0.331681,0.0
44363.0,43950.0,43950.0,0.346418,0.252942,0.0
44364.0,43982.0,43982.0,0.970498,0.690783,0.0
44365.0,43998.0,43998.0,0.794425,0.283669,0.0
44366.0,44014.0,44014.0,0.284684,0.130054,0.0
44367.0,44084.0,44084.0,0.945323,0.796093,0.0
44368.0,44084.0,44084.0,0.912081,0.823533,0.0
44369.0,44085.0,44085.0,0.770786,0.819977,0.0
44370.0,44086.0,44086.0,0.702258,0.428306,0.0
44371.0,44167.0,44167.0,0.74703,0.14929,0.0
44372.0,44187.0,44187.0,0.476373,0.787404,0.0
44373.0,44189.0,44189.0,0.988153,0.644079,0.0
44374.0,44200.0,44200.0,0.948146,0.693645,0.0
44375.0,44213.0,44213.0,0.762174,0.676569,0.0
44376.0,44231.0,44231.0,0.836487,0.67783,0.0
44377.0,44247.0,44247.0,0.589123,0.172643,0.0
44379.0,44255.0,44255.0,0.802498,0.469588,0.0
44380.0,44255.0,44255.0,0.855098,0.4739,0.0
